2 0.00082737 0.981087 0.00880912 0.00502668 0.00212658 0.00169571 0.000210531 0.000118605 5.60988e-05 4.25717e-05 
3 0.0244442 0.847057 0.0810171 0.0361649 0.00795648 0.00219864 0.000427682 0.000447327 0.000150856 0.000135889 
4 0.209883 0.638151 0.0547442 0.0938151 0.00315332 9.27747e-05 0.000161373 0 0 0 
5 0.528618 0.468749 0.00246946 0.000151431 1.23407e-05 0 0 0 0 0 
6 0.094894 0.587697 0.208594 0.0864073 0.01644 0.00492561 0.000176842 0.000567467 0 0.000297026 
7 0.197544 0.636768 0.118127 0.0377682 0.0071857 0.00215291 7.72953e-05 0.000248032 0 0.000129826 
8 0.201822 0.600564 0.0565858 0.120396 0.0201083 0.000232406 0.000291894 0 0 0 
9 0.329443 0.627593 0.0399921 0.00166164 0.0013111 0 0 0 0 0 
10 0.0137704 0.528443 0.451172 0.00524659 0.00101149 0.000154759 0.000168114 1.16272e-05 1.08631e-05 1.07753e-05 
11 0.324248 0.62763 0.0215064 0.0253722 0.00114742 3.522e-05 6.12618e-05 0 0 0 
12 0.158471 0.444109 0.289304 0.102589 0.00409194 0.000623641 0.00067746 4.68549e-05 4.37759e-05 4.34217e-05 
13 0.321517 0.185642 0.012914 0.458428 0.0214807 6.81026e-06 1.1843e-05 0 0 0 
14 0.122866 0.436355 0.396664 0.0352128 0.00658442 0.00100742 0.00109436 7.56887e-05 7.07149e-05 7.01428e-05 
15 0.331488 0.298 0.338591 0.0304288 0.0013769 4.2264e-05 7.35142e-05 0 0 0 
16 0.242584 0.274846 0.295147 0.168057 0.0153901 0.00283105 0.000789476 0.000355318 0 0 
17 0.0857975 0.399237 0.365433 0.0623396 0.0569899 0.0227085 0.00556736 0.00161889 9.57773e-05 0.000212135 
18 0.0528667 0.589707 0.264504 0.0333617 0.0389276 0.0155137 0.00380344 0.00110598 6.5432e-05 0.000144924 
19 0.129434 0.313662 0.354247 0.0678896 0.0876472 0.0402747 0.00522383 0.00136224 8.05931e-05 0.000178503 
20 0.0692869 0.482415 0.350312 0.0412338 0.0370914 0.014782 0.00362404 0.00105381 6.23456e-05 0.000138088 
21 0.232891 0.465721 0.244843 0.0464816 0.00744325 0.00113882 0.0012371 8.55611e-05 7.99386e-05 7.92918e-05 
22 0.433801 0.439431 0.0966687 0.0249839 0.00378394 0.000578849 0.000628802 4.34896e-05 4.06318e-05 4.0303e-05 
23 0.0468099 0.508219 0.227557 0.152793 0.0342634 0.0151129 0.00742931 0.0042297 0.00202685 0.00155921 
24 0.110227 0.580762 0.245943 0.0500273 0.00964478 0.00147566 0.001603 0.000110868 0.000103582 0.000102744 
25 0.436535 0.326885 0.23557 0.000964852 4.51376e-05 0 0 0 0 0 
26 0.169081 0.31316 0.468392 0.0424046 0.00514872 0.000787757 0.000855738 5.91851e-05 5.52959e-05 5.48485e-05 
27 0.084315 0.473352 0.290084 0.117582 0.024373 0.00673508 0.00131011 0.00137029 0.000462117 0.000416266 
28 0.0631728 0.372324 0.435646 0.0464508 0.0538587 0.0214642 0.0052623 0.00153019 9.05292e-05 0.000200511 
29 0.0744495 0.487285 0.270293 0.129935 0.0267426 0.00738988 0.00143749 0.00150351 0.000507045 0.000456737 
30 0.27027 0.537177 0.0542144 0.132965 0.00495683 0.00015215 0.000264651 0 0 0 
31 0.153282 0.50004 0.188447 0.143765 0.0103475 0.00293263 0.000817925 0.000368122 0 0 
32 0.409854 0.233913 0.20132 0.14175 0.00941448 0.00266821 0.000744178 0.000334931 0 0 
33 0.233418 0.441158 0.279041 0.0373064 0.00671352 0.00102717 0.00111582 7.71728e-05 7.21015e-05 7.15181e-05 
34 0.06938 0.396191 0.39628 0.0496831 0.0578189 0.0230425 0.00564923 0.0016427 9.71858e-05 0.000215254 
35 0.127689 0.408488 0.251923 0.188286 0.0168907 0.00478708 0.00133514 0.000600905 0 0 
36 0.121497 0.394201 0.266569 0.193029 0.0176703 0.00500803 0.00139677 0.000628639 0 0 
37 0.107445 0.40408 0.244931 0.203356 0.0309466 0.00604626 0.00117612 0.00123015 0.000414855 0.000373694 
38 0.119378 0.533325 0.266777 0.066483 0.0103833 0.00158745 0.00172444 0.000119267 0.00011143 0.000110528 
39 0.34006 0.659571 0.000305901 5.92087e-05 4.82514e-06 0 0 0 0 0 
40 0.163841 0.455153 0.232111 0.131699 0.0126168 0.00378012 0.000135716 0.000435498 0 0.00022795 
41 0.207787 0.130375 0.11852 0.535938 0.00528398 0.00149322 0.000416467 0.000187438 0 0 
42 0.053446 0.918724 0.0100458 0.0169501 0.000769695 2.36259e-05 4.10949e-05 0 0 0 
43 0.0920258 0.762437 0.0820523 0.0567351 0.0048291 0.00136774 0.000381469 0.000171687 0 0 
44 0.27013 0.686375 0.0134598 0.0286255 0.00129987 3.98996e-05 6.94015e-05 0 0 0 
45 0.124173 0.400126 0.275662 0.177423 0.016177 0.00458481 0.00127873 0.000575515 0 0 
46 0.0438125 0.379798 0.524721 0.0410287 0.00780605 0.00233878 8.39682e-05 0.000269445 0 0.000141034 
47 0.0346334 0.881698 0.0583718 0.0200894 0.00382057 0.00114468 4.10971e-05 0.000131876 0 6.90271e-05 
48 0.0887337 0.299808 0.452358 0.141058 0.0129053 0.00365755 0.00102011 0.000459119 0 0 
49 0.307287 0.69134 0.00125442 0.000110395 8.9965e-06 0 0 0 0 0 
50 0.269014 0.720082 0.0103758 0.000511245 1.75535e-05 0 0 0 0 0 
51 0.119656 0.388228 0.270379 0.197408 0.0174025 0.00493215 0.0013756 0.000619115 0 0 
52 0.264175 0.732922 0.00183133 0.00105502 1.73872e-05 0 0 0 0 0 
53 0.155393 0.657223 0.0684367 0.115125 0.00352694 0.000107654 0.000187253 0 0 0 
54 0.13423 0.863015 0.00227191 0.000447066 3.64331e-05 0 0 0 0 0 
55 0.115357 0.805489 0.0730923 0.00249942 0.00356246 0 0 0 0 0 
56 0.24431 0.749619 0.00534099 0.000718374 1.11325e-05 0 0 0 0 0 
57 0.066955 0.867926 0.020146 0.0428633 0.0019464 5.9745e-05 0.000103921 0 0 0 
58 0.0516641 0.831956 0.0943221 0.0174972 0.0033733 0.000516117 0.000560656 3.87765e-05 3.62283e-05 3.59352e-05 
59 0.0182994 0.932552 0.0352031 0.0110736 0.00210687 0.000631242 2.26633e-05 7.27239e-05 0 3.80654e-05 
60 0.107054 0.866909 0.00912284 0.0162026 0.000655993 2.01257e-05 3.50067e-05 0 0 0 
61 0.0316172 0.677194 0.19969 0.0579915 0.0177662 0.00783631 0.00385223 0.00219318 0.00105096 0.000808481 
62 0.105471 0.434251 0.24012 0.182556 0.0327906 0.00342654 0.000955681 0.000430122 0 0 
63 0.141903 0.838303 0.00613732 0.0130157 0.000591037 1.81419e-05 3.15561e-05 0 0 0 
64 0.13726 0.613403 0.196286 0.043406 0.00713312 0.00109137 0.00118555 8.19961e-05 7.66078e-05 7.5988e-05 
65 0.208028 0.44202 0.230632 0.0967849 0.0203227 0.00182635 6.55707e-05 0.000210409 0 0.000110133 
66 0.180807 0.353787 0.384187 0.0574517 0.00751957 0.0041567 0.0119626 4.49807e-05 4.20249e-05 4.16848e-05 
67 0.161207 0.399467 0.387341 0.0248562 0.0258028 0.000576213 0.000625347 4.32507e-05 4.04085e-05 4.00816e-05 
68 0.0439785 0.184407 0.11391 0.622931 0.0335244 0.000542859 0.000589706 4.07856e-05 3.81055e-05 3.77971e-05 
69 0.130997 0.865589 0.00281373 0.000555246 4.5249e-05 0 0 0 0 0 
70 0.199795 0.605277 0.0559436 0.133143 0.00538788 0.000165381 0.000287664 0 0 0 
71 0.150967 0.755062 0.0269096 0.064243 0.00259974 7.97992e-05 0.000138803 0 0 0 
72 0.152541 0.781399 0.0531548 0.0102361 0.00197343 0.000301936 0.000327992 2.26848e-05 2.11941e-05 2.10226e-05 
73 0.0603152 0.577312 0.217855 0.110285 0.0240683 0.00665089 0.00129374 0.00135316 0.00045634 0.000411063 
74 0.0454967 0.686916 0.136179 0.0832857 0.0255152 0.0112543 0.00553246 0.00314977 0.00150936 0.00116112 
75 0.102573 0.55797 0.267781 0.0589916 0.00938054 0.00143523 0.00155909 0.00010783 0.000100745 9.99294e-05 
76 0.0544436 0.450281 0.424039 0.0692656 0.00145027 0.000430013 1.54386e-05 4.95408e-05 0 2.59308e-05 
77 0.0183226 0.0839936 0.877317 0.00756804 0.00836528 0.0033338 0.000817336 0.000237667 1.40609e-05 3.11432e-05 
78 0.0213633 0.403711 0.0980011 0.306149 0.0573911 0.0236648 0.0860226 0.000299139 0 0.00339814 
79 0.0529281 0.684516 0.15528 0.0816805 0.017995 0.00497263 0.00096728 0.00101171 0.000341189 0.000307337 
80 0.0406362 0.904235 0.0502024 0.00390754 0.000753332 0.00011526 0.000125207 8.65964e-06 8.09058e-06 8.02512e-06 
81 0.13589 0.54904 0.238862 0.0532404 0.00916485 0.0121986 0.00133898 9.26073e-05 8.65218e-05 8.58217e-05 
82 0.172816 0.659106 0.0519978 0.110634 0.00502382 0.000154207 0.000268227 0 0 0 
83 0.0442797 0.53184 0.256927 0.105825 0.0324113 0.014296 0.00702772 0.00400106 0.00191729 0.00147493 
84 0.074654 0.507742 0.370889 0.032125 0.00518772 0.00194214 0.00728957 5.9634e-05 5.57148e-05 5.5264e-05 
85 0.105063 0.480876 0.268156 0.126642 0.0141488 0.00422195 0.000151579 0.0004864 0 0.000254593 
86 0.0986274 0.419164 0.340712 0.106325 0.0260342 0.00597833 0.00116291 0.00121633 0.000410193 0.000369495 
87 0.0468099 0.525569 0.194046 0.166522 0.0366955 0.0151129 0.00742931 0.0042297 0.00202685 0.00155921 
88 0.117331 0.861691 0.00649311 0.0138059 0.000626918 1.92433e-05 3.34719e-05 0 0 0 
89 0.119656 0.403543 0.262368 0.190104 0.0174025 0.00493215 0.0013756 0.000619114 0 0 
90 0.0709479 0.385652 0.399012 0.051839 0.0604874 0.024106 0.00590996 0.00171852 0.000101671 0.000225189 
91 0.0808157 0.831181 0.0332042 0.0524965 0.0021244 6.52074e-05 0.000113422 0 0 0 
92 0.0232255 0.68191 0.115108 0.0958954 0.0495978 0.0172624 0.00511511 0.00905633 0 0.00282937 
93 0.018505 0.575733 0.190614 0.0626037 0.034685 0.0449894 0.0599298 0.0112565 0.0016838 0 
94 0.169963 0.683276 0.0712032 0.0724339 0.00288188 8.84596e-05 0.000153867 0 0 0 
95 0.105297 0.349497 0.355949 0.167846 0.0153142 0.00434029 0.00121053 0.000544821 0 0 
96 0.0908929 0.597306 0.204611 0.0851177 0.0161946 0.00485209 0.000174203 0.000558997 0 0.000292592 
97 0.0391717 0.604493 0.230287 0.0798907 0.0244738 0.0107949 0.00530665 0.00302121 0.00144775 0.00111372 
98 0.111203 0.751796 0.0476084 0.0858878 0.00323272 9.92286e-05 0.000172598 0 0 0 
99 0.121497 0.394201 0.251206 0.208392 0.0176703 0.00500803 0.00139677 0.000628639 0 0 
100 0.0910742 0.59712 0.204616 0.0851177 0.0161946 0.00485209 0.000174203 0.000558997 0 0.000292592 
101 0.00992842 0.787739 0.0910117 0.0603199 0.025519 0.0203486 0.00252637 0.00142326 0.000673186 0.00051086 
102 0.0496469 0.569263 0.193933 0.118619 0.0363399 0.0160288 0.00787957 0.00448604 0.00214969 0.00165371 
103 0.0882999 0.588129 0.204995 0.0826505 0.0180956 0.0168338 0.000169153 0.000542794 0 0.000284111 
104 0.0577553 0.902304 0.0211991 0.016995 0.00125011 0.000353828 9.86845e-05 4.44148e-05 0 0 
105 0.0717432 0.482328 0.254388 0.149407 0.0296226 0.00818571 0.00159229 0.00166543 0.000561649 0.000505924 
106 0.0666187 0.505012 0.264387 0.124859 0.0275067 0.00760102 0.00147856 0.00154647 0.000521532 0.000469786 
107 0.130067 0.866358 0.00295258 0.000575126 4.68692e-05 0 0 0 0 0 
108 0.0179526 0.584773 0.188516 0.0607674 0.0336496 0.0436465 0.0581409 0.0109205 0.00163354 0 
109 0.075183 0.593389 0.218544 0.0944956 0.0135263 0.00401346 0.000144094 0.00046238 0 0.000242021 
110 0.119656 0.403338 0.249643 0.203033 0.0174025 0.00493215 0.0013756 0.000619114 0 0 
111 0.0701731 0.429138 0.365276 0.0530032 0.0538623 0.0214642 0.0052623 0.00153019 9.05292e-05 0.000200511 
112 0.132795 0.410572 0.2454 0.187267 0.0171428 0.00485853 0.00135507 0.000609874 0 0 
113 0.0866963 0.309263 0.362942 0.223826 0.013263 0.00285545 0.000796401 0.000358435 0 0 
114 0.146939 0.524569 0.245848 0.0800942 0.00235293 7.22233e-05 0.000125625 0 0 0 
115 0.0425545 0.502158 0.255613 0.109214 0.0617048 0.0148965 0.00675392 0.00384518 0.00184259 0.00141747 
116 0.113452 0.539634 0.278878 0.0540073 0.0103754 0.00158745 0.00172444 0.000119267 0.00011143 0.000110528 
117 0.0717432 0.482328 0.269337 0.134459 0.0296226 0.00818571 0.00159229 0.00166543 0.000561649 0.000505924 
118 0.11999 0.406233 0.257313 0.192134 0.0174025 0.00493215 0.0013756 0.000619115 0 0 
119 0.00749752 0.811081 0.0873792 0.055932 0.0190691 0.0152055 0.00188784 0.00106353 0.00050304 0.000381742 
120 0.0984412 0.5331 0.257561 0.090358 0.01507 0.00451514 0.000162105 0.000520178 0 0.000272273 
121 0.113452 0.524938 0.293764 0.0538172 0.0103754 0.00158745 0.00172444 0.000119267 0.00011143 0.000110528 
122 0.120728 0.505556 0.2838 0.0651264 0.0204615 0.00357243 0.000128259 0.000411569 0 0.000215425 
123 0.187658 0.614181 0.0820112 0.110703 0.00502382 0.000154207 0.000268227 0 0 0 
124 0.00718226 0.793264 0.119024 0.0436357 0.0184605 0.0147202 0.00182759 0.00102959 0.000486985 0.000369558 
125 0.0103867 0.777948 0.0952064 0.0631039 0.0266968 0.0212877 0.00264297 0.00148895 0.000704256 0.000534438 
126 0.0895562 0.544405 0.260073 0.0842172 0.0159565 0.00478073 0.000171641 0.000550777 0 0.00028829 
127 0.0733714 0.515938 0.297692 0.0951806 0.0130728 0.00391675 0.000140622 0.000451239 0 0.000236189 
128 0.0776673 0.50221 0.262694 0.119912 0.0263763 0.00728865 0.00141779 0.00148292 0.000500099 0.00045048 
129 0.0804665 0.611317 0.202421 0.0863238 0.0142901 0.0042775 0.000153574 0.0004928 0 0.000257943 
130 0.0706562 0.47502 0.264409 0.135816 0.0416775 0.00816241 0.00156817 0.0016402 0.00055314 0.000498258 
131 0.0678179 0.382719 0.41143 0.0495682 0.0578189 0.0230425 0.00564923 0.0016427 9.71858e-05 0.000215254 
132 0.498309 0.310383 0.13964 0.0410279 0.00780605 0.00233878 8.39682e-05 0.000269445 0 0.000141034 
133 0.0881318 0.604177 0.255011 0.0417875 0.00805623 0.00123261 0.00133898 9.26073e-05 8.65218e-05 8.58217e-05 
134 0.00865555 0.648534 0.194552 0.090975 0.0224816 0.0303266 0.00220248 0.00124079 0.00058688 0.000445365 
135 0.151835 0.328537 0.480475 0.0320775 0.00542469 0.000717614 0.000779543 5.39152e-05 5.03723e-05 4.99647e-05 
136 0.139725 0.366974 0.311762 0.160952 0.0147252 0.00417335 0.00116397 0.000523866 0 0 
137 0.229975 0.585945 0.0538894 0.12467 0.0050927 0.000156319 0.000271902 0 0 0 
138 0.0658524 0.377046 0.343474 0.181782 0.0223893 0.00618687 0.00120348 0.00125876 0.000424502 0.000382384 
139 0.128026 0.523655 0.232012 0.0954784 0.0152823 0.00457873 0.000164389 0.000527505 0 0.000276108 
140 0.169556 0.0521645 0.106461 0.669093 0.00202686 0.00049774 0.000138822 6.24795e-05 0 0 
141 0.0496155 0.667719 0.177358 0.0801819 0.0176648 0.00488139 0.000949532 0.000993147 0.000334929 0.000301698 
142 0.018505 0.58028 0.186067 0.0626037 0.034685 0.0449894 0.0599298 0.0112565 0.0016838 0 
143 0.115775 0.421221 0.296496 0.147617 0.0135126 0.00382967 0.00106811 0.000480724 0 0 
144 0.0977711 0.542637 0.190568 0.128691 0.0348634 0.00451514 0.000162105 0.000520178 0 0.000272273 
145 0.0709479 0.382398 0.400601 0.0535048 0.0604874 0.024106 0.00590996 0.00171852 0.000101671 0.000225189 
146 0.140445 0.84674 0.00617264 0.00654315 9.85261e-05 0 0 0 0 0 
147 0.0913152 0.641348 0.212729 0.0433163 0.00835097 0.0012777 0.00138797 9.59954e-05 8.96872e-05 8.89615e-05 
148 0.0706562 0.47502 0.250105 0.154054 0.0378438 0.00806168 0.00156817 0.0016402 0.00055314 0.000498258 
149 0 0.593989 0.336913 0.0247456 1.19253e-05 0.0223663 0.0219739 0 0 0 
150 0.0959172 0.55894 0.238144 0.0870149 0.0146627 0.00439311 0.000157724 0.000506119 0 0.000264915 
151 0.119656 0.403404 0.262312 0.190298 0.0174025 0.00493215 0.0013756 0.000619115 0 0 
152 0.041028 0.580894 0.215367 0.0474156 0.0262154 0.0340036 0.0452958 0.00850783 0.00127264 0 
153 0.115304 0.347417 0.251242 0.220222 0.0599543 0.00417336 0.00116397 0.000523866 0 0 
154 0.116678 0.596771 0.22765 0.0384428 0.017866 0.00112658 0.0012238 8.46411e-05 7.9079e-05 7.84392e-05 
155 0.108519 0.53723 0.289355 0.0514773 0.00992434 0.00151843 0.00164947 0.000114082 0.000106585 0.000105722 
156 0.121497 0.394201 0.266569 0.193029 0.0176703 0.00500803 0.00139677 0.000628639 0 0 
157 0.0882583 0.542431 0.250785 0.0970939 0.0157252 0.00471145 0.000169153 0.000542795 0 0.000284111 
158 0.0706562 0.489941 0.265479 0.132429 0.0291737 0.00806168 0.00156817 0.0016402 0.00055314 0.000498258 
159 0.0984698 0.581511 0.220273 0.0792067 0.01507 0.00451514 0.000162105 0.000520178 0 0.000272273 
160 0.0234153 0.706602 0.105417 0.0877916 0.0454065 0.0158036 0.00468284 0.008291 0 0.00259027 
161 0.0709479 0.382564 0.4021 0.051839 0.0604874 0.024106 0.00590996 0.00171852 0.000101671 0.000225189 
162 0.0610563 0.641554 0.190172 0.0950531 0.00870127 0.00246607 0.000687801 0.000309557 0 0 
163 0.125303 0.360923 0.286399 0.204756 0.0161797 0.00458481 0.00127873 0.000575515 0 0 
164 0.0357355 0.149959 0.763212 0.0452967 0.00414645 0.00117517 0.000327761 0.000147515 0 0 
165 0.0656125 0.644836 0.213249 0.0273946 0.0319649 0.0127389 0.00312315 0.000908159 5.37287e-05 0.000119002 
166 0.0709479 0.388667 0.395998 0.051839 0.0604874 0.024106 0.00590996 0.00171852 0.000101671 0.000225189 
167 0.0951481 0.308712 0.425624 0.15117 0.0138382 0.00392195 0.00109385 0.000492308 0 0 
168 0.114993 0.382868 0.335148 0.144205 0.0213417 0.000627376 0.000681516 4.71355e-05 4.4038e-05 4.36817e-05 
169 0.110115 0.524386 0.299648 0.0522347 0.0100703 0.00154076 0.00167372 0.000115759 0.000108152 0.000107277 
170 0.131049 0.700287 0.152078 0.0150902 0.00109773 0.000328706 1.18014e-05 3.78694e-05 0 1.98217e-05 
171 0.104788 0.43939 0.22529 0.135235 0.092321 0.00129348 0.0014051 9.71805e-05 9.07945e-05 9.00598e-05 
172 0.0381646 0.695679 0.125448 0.0963613 0.0235141 0.0103716 0.00509854 0.00290273 0.00139098 0.00107005 
173 0.235125 0.309581 0.354029 0.0846795 0.0117164 0.00318606 0.000619754 0.000648222 0.000218606 0.000196916 
174 0.0301088 0.863602 0.0719267 0.0272865 0.00519158 0.00155545 5.58449e-05 0.0001792 0 9.37975e-05 
175 0.144866 0.378884 0.376571 0.095981 0.00341067 0.000104691 0.000182099 0 0 0 
176 0.0514046 0.548024 0.280521 0.0907511 0.026387 0.00207339 0.000578278 0.000260265 0 0 
177 0.0297065 0.180583 0.0691006 0.705081 0.00902723 0.00616634 5.69346e-05 0.000182697 0 9.56277e-05 
178 0.101187 0.516131 0.256835 0.113335 0.00925378 0.00141583 0.00153802 0.000106373 9.93831e-05 9.8579e-05 
179 0.252708 0.284173 0.421613 0.0367978 0.00336823 0.000954609 0.000266246 0.000119829 0 0 
180 0.0249927 0.642569 0.304621 0.020741 0.0058384 0.00104161 3.33474e-05 0.000107008 0 5.60106e-05 
181 0.0658802 0.355145 0.428133 0.0506183 0.0561669 0.0293389 0.0128187 0.00159577 9.4409e-05 0.000209104 
182 0.0869975 0.545613 0.264783 0.0814794 0.0155006 0.00464414 0.000166737 0.00053504 0 0.000280053 
183 0.0745172 0.478158 0.296289 0.115001 0.0253351 0.00700094 0.00136183 0.00142438 0.000480358 0.000432698 
184 0.413009 0.296213 0.132758 0.154192 0.0038273 0 0 0 0 0 
185 0.068578 0.461048 0.300805 0.129293 0.0283157 0.00782458 0.00152204 0.00159196 0.000536871 0.000483604 
186 0.0102293 0.766163 0.0937616 0.0772993 0.0262923 0.0209652 0.00260293 0.00146639 0.000693585 0.000526341 
187 0.109436 0.567997 0.212003 0.0794021 0.0258401 0.00439311 0.000157724 0.000506119 0 0.000264915 
188 0.116137 0.392186 0.273008 0.195055 0.0168907 0.00478708 0.00133514 0.000600905 0 0 
189 0.193645 0.521574 0.231473 0.042285 0.00815214 0.00124728 0.00135492 9.37098e-05 8.75518e-05 8.68434e-05 
190 0.116137 0.406222 0.269515 0.184513 0.0168907 0.00478708 0.00133514 0.000600905 0 0 
191 0.111777 0.533352 0.288039 0.053014 0.0102206 0.00156376 0.0016987 0.000117487 0.000109766 0.000108878 
192 0.498822 0.40601 0.0570592 0.0363402 0.00163054 5.00495e-05 8.70562e-05 0 0 0 
193 0.130852 0.470176 0.248402 0.133487 0.0122188 0.003463 0.000965848 0.000434697 0 0 
194 0.0988046 0.459382 0.349548 0.0790402 0.0117576 0.00121207 4.33888e-05 0.00013923 0 7.28762e-05 
195 0.113452 0.55411 0.264592 0.0538172 0.0103754 0.00158745 0.00172444 0.000119267 0.00011143 0.000110528 
196 0.121497 0.394201 0.251323 0.208276 0.0176703 0.00500802 0.00139676 0.000628639 0 0 
197 0.110115 0.525013 0.297407 0.0538482 0.0100703 0.00154076 0.00167372 0.000115759 0.000108152 0.000107277 
198 0.0717432 0.492329 0.259335 0.134459 0.0296226 0.00818571 0.00159229 0.00166543 0.000561649 0.000505924 
199 0.0717432 0.482328 0.253952 0.136587 0.0397783 0.0112865 0.00159229 0.00166543 0.000561649 0.000505924 
200 0.121497 0.402562 0.258208 0.193029 0.0176703 0.00500803 0.00139677 0.000628639 0 0 
201 0.0496787 0.30135 0.301471 0.323476 0.0168901 0.00466729 0.000907886 0.000949588 0.000320239 0.000288465 
202 0.123536 0.395772 0.256385 0.202003 0.0159537 0.00452113 0.00126097 0.000567522 0 0 
203 0.127927 0.596294 0.189252 0.0687096 0.0130728 0.00391675 0.000140622 0.000451239 0 0.000236189 
204 0.247154 0.641489 0.0403665 0.0676604 0.00307242 9.43082e-05 0.00016404 0 0 0 
205 0.134349 0.287741 0.532458 0.0403547 0.00364625 0.0010334 0.000288221 0.000129719 0 0 
206 0.0330218 0.701197 0.0989873 0.0950705 0.0424192 0.0147639 0.00437476 0.00774554 0 0.00241985 
207 0.0162544 0.588358 0.206366 0.0550303 0.0304666 0.0395177 0.052641 0.00988748 0.00147901 0 
208 0.22563 0.0648079 0.14507 0.560955 0.00253 0.000717008 0.000199977 9.00035e-05 0 0 
209 0.0626663 0.730159 0.171964 0.0270846 0.00571355 0.00157885 0.000307118 0.000321226 0.00010833 9.75817e-05 
210 0.155734 0.146527 0.689867 0.00563331 0.00189468 0.00014969 0.00016259 1.12452e-05 1.05062e-05 1.04212e-05 
211 0.066835 0.417219 0.379929 0.0488339 0.0569809 0.0227085 0.00556736 0.00161889 9.57773e-05 0.000212135 
212 0.0232255 0.666526 0.11661 0.109777 0.0495979 0.0172624 0.00511511 0.00905633 0 0.00282937 
213 0.151577 0.356951 0.475208 0.0135137 0.00203379 0.000310895 0.000337725 2.33579e-05 2.1823e-05 2.16464e-05 
214 0.149278 0.36598 0.267063 0.193664 0.017753 0.0044592 0.00124369 0.000559747 0 0 
215 0.152724 0.409679 0.271638 0.148313 0.0126216 0.00357716 0.000997689 0.000449028 0 0 
216 0.0813553 0.486027 0.246372 0.136487 0.0376216 0.00794136 0.00154476 0.00161572 0.000544884 0.000490822 
217 0.121497 0.394201 0.251189 0.2084 0.0176794 0.00500802 0.00139676 0.000628639 0 0 
218 0.144949 0.358329 0.308184 0.168957 0.0140069 0.00396978 0.00110719 0.000498312 0 0 
219 0.147013 0.44844 0.370947 0.0244286 0.0032612 0.00526008 0.000542432 3.74839e-05 3.50207e-05 3.47374e-05 
220 0.157975 0.367296 0.436455 0.0303608 0.00585282 0.000895485 0.000972763 6.72788e-05 6.28577e-05 6.23491e-05 
221 0.11982 0.517497 0.225357 0.124479 0.00918899 0.00260417 0.000726318 0.000326892 0 0 
222 0.0562757 0.69958 0.157354 0.0780152 0.0062773 0.00177881 0.000496119 0.000223287 0 0 
223 0.143706 0.612448 0.185572 0.0377865 0.00728489 0.00117124 0.0117697 0.000106505 7.82378e-05 7.76048e-05 
224 0.204481 0.496105 0.259434 0.0320672 0.00585282 0.000895485 0.000972763 6.72788e-05 6.28577e-05 6.23491e-05 
225 0.00794717 0.830914 0.0798024 0.0479887 0.0166858 0.0133048 0.00165186 0.000930591 0.00044016 0.000334024 
226 0.156658 0.72431 0.0903358 0.0218496 0.00481366 0.00133018 0.000258747 0.000270632 9.12679e-05 8.22125e-05 
227 0.216216 0.258465 0.445454 0.0737052 0.00456412 0.000693852 0.00075373 5.213e-05 4.87043e-05 4.83102e-05 
228 0.151033 0.548971 0.223264 0.050716 0.0138023 0.0060799 0.0029888 0.0017016 0.000815401 0.00062727 
229 0.226261 0.25215 0.165706 0.349664 0.00460057 0.000703166 0.000763847 5.28297e-05 4.93581e-05 4.89587e-05 
230 0.266943 0.595172 0.0405258 0.0935559 0.00350795 0.000107654 0.000187253 0 0 0 
231 0.0808901 0.653616 0.225101 0.0321263 0.0061141 0.000935462 0.00101619 7.02824e-05 6.56639e-05 6.51326e-05 
232 0.0709479 0.382692 0.401973 0.051839 0.0604874 0.024106 0.00590996 0.00171852 0.000101671 0.000225189 
233 0.0946371 0.549273 0.324439 0.0256778 0.00441793 0.000675947 0.000734279 5.07847e-05 4.74474e-05 4.70635e-05 
234 0.189036 0.537257 0.20667 0.0240681 0.0280834 0.0111921 0.00274391 0.000797882 4.72045e-05 0.000104552 
235 0.112896 0.473052 0.263777 0.133372 0.0120902 0.00342654 0.000955681 0.000430122 0 0 
236 0.0740367 0.5721 0.226324 0.0971091 0.0213941 0.0059119 0.00114999 0.00120281 0.000405636 0.000365389 
237 0.0642161 0.694939 0.154721 0.0600305 0.0195653 0.0058043 0.000122859 0.00039424 0 0.000206355 
238 0.111759 0.531203 0.290205 0.053014 0.0102206 0.00156376 0.0016987 0.000117487 0.000109766 0.000108878 
239 0.145416 0.569514 0.253185 0.0254103 0.00478867 0.000732669 0.000795897 5.50463e-05 5.1429e-05 5.10129e-05 
240 0.119656 0.418531 0.247379 0.190104 0.0174025 0.00493215 0.0013756 0.000619114 0 0 
241 0.0609397 0.598561 0.214359 0.0960453 0.021159 0.00584694 0.00113735 0.00118959 0.000401178 0.000361374 
242 0.179885 0.744854 0.0401994 0.0334159 0.0015174 4.65767e-05 8.10156e-05 0 0 0 
243 0.0891668 0.791657 0.0951021 0.0190964 0.00368161 0.000563289 0.000611899 4.23205e-05 3.95395e-05 3.92196e-05 
244 0.114068 0.328501 0.217479 0.250328 0.0837631 0.00417337 0.00116397 0.000523866 0 0 
245 0.105329 0.574238 0.21482 0.0838659 0.0159565 0.00478073 0.000171641 0.000550777 0 0.00028829 
246 0.167472 0.579977 0.201081 0.0408268 0.00787103 0.00120427 0.0013082 9.04784e-05 8.45328e-05 8.38488e-05 
247 0.121497 0.394201 0.251185 0.208414 0.0176703 0.00500802 0.00139676 0.000628639 0 0 
248 0.126123 0.53762 0.246485 0.0712861 0.013563 0.00406362 0.000145895 0.00046816 0 0.000245046 
249 0.0936896 0.569532 0.226286 0.0877408 0.0166929 0.00500138 0.000179563 0.000576197 0 0.000301595 
250 0.0639802 0.641598 0.168749 0.0829979 0.0226267 0.00998021 0.00490615 0.0027932 0.00133849 0.00102967 
251 0.136981 0.320411 0.45187 0.0706006 0.0141579 0.00391229 0.000761022 0.000795978 0.000268435 0.000241802 
252 0.189875 0.377914 0.392931 0.0311584 0.00600684 0.00091905 0.000998362 6.90493e-05 6.45118e-05 6.39899e-05 
253 0.062141 0.665443 0.199133 0.0581927 0.0110718 0.00331724 0.000119098 0.000382172 0 0.000200038 
254 0.104223 0.31914 0.352252 0.202626 0.0183655 0.0028025 0.000100617 0.000322869 0 0.000168997 
255 0.196081 0.381221 0.226353 0.176009 0.01455 0.00412053 0.00114924 0.000517235 0 0 
256 0.0232657 0.711946 0.104433 0.0982991 0.0241012 0.0192181 0.00262087 0.00994539 0.00568861 0.000482479 
257 0.00926259 0.804817 0.0836252 0.0554291 0.0234499 0.0186987 0.00232153 0.00130786 0.000618603 0.000469439 
258 0.111227 0.494888 0.292545 0.0741933 0.0227698 0.00361213 0.000129684 0.000416142 0 0.000217819 
259 0.118064 0.452599 0.225681 0.183545 0.0143951 0.00406902 0.00113487 0.000510769 0 0 
260 0.0675842 0.526774 0.239287 0.126664 0.0279053 0.00771118 0.00149999 0.00156889 0.00052909 0.000476595 
261 0.066835 0.377489 0.379141 0.0613622 0.0849695 0.0227085 0.00556736 0.00161889 9.57773e-05 0.000212135 
262 0.0895562 0.603169 0.201661 0.0838659 0.0159565 0.00478073 0.000171641 0.000550777 0 0.00028829 
263 0.0557086 0.531749 0.275687 0.104252 0.0229222 0.00633418 0.00123213 0.00128873 0.00043461 0.000391489 
264 0.0647682 0.546369 0.229439 0.121386 0.0267426 0.00738988 0.00143749 0.00150351 0.000507045 0.000456737 
265 0.117908 0.680534 0.155996 0.0434298 0.001967 6.03772e-05 0.00010502 0 0 0 
266 0.118678 0.472279 0.238112 0.133265 0.0265258 0.00728865 0.00141779 0.00148292 0.000500099 0.00045048 
267 0.172797 0.278512 0.196026 0.335212 0.0124845 0.00353828 0.000986845 0.000444147 0 0 
268 0.135115 0.191557 0.207035 0.191847 0.258412 0.012057 0.00295498 0.000859258 5.08356e-05 0.000112594 
269 0.0276946 0.495887 0.112364 0.155463 0.0305448 0.033436 0.1397 0.000482427 0 0.00442788 
270 0.0150353 0.461041 0.154941 0.0700532 0.0406692 0.0410058 0.124969 0.0901423 0.00214351 0 
271 0.106424 0.346528 0.253563 0.227439 0.0275121 0.0368236 0.00117909 0.00053067 0 0 
272 0.0811976 0.493594 0.188343 0.159724 0.0718903 0.00433453 0.000155621 0.000499371 0 0.000261382 
273 0.0504107 0.547313 0.198149 0.134535 0.0368992 0.0162754 0.00800079 0.00455506 0.00218276 0.00167915 
274 0.105297 0.341646 0.230761 0.209436 0.0718764 0.0318252 0.00861322 0.000544821 0 0 
275 0.0972447 0.449228 0.237167 0.0836153 0.129613 0.00136067 0.00147809 0.000102229 9.5511e-05 9.47383e-05 
276 0.029064 0.538783 0.0687484 0.0780786 0.0925799 0.181359 0.00946007 0.00105197 0.000497572 0.000377592 
277 0.0631116 0.47654 0.190243 0.182976 0.0789963 0.00532071 0.00103499 0.00108253 0.000365072 0.00032885 
278 0.0706562 0.47502 0.251063 0.160547 0.0303921 0.00806168 0.00156817 0.0016402 0.00055314 0.000498258 
279 0.156724 0.409784 0.277821 0.141327 0.010334 0.00285545 0.000796401 0.000358435 0 0 
280 0.0143034 0.632276 0.120533 0.147786 0.060732 0.0203575 0.00197464 0.00111243 0.000526168 0.000399293 
281 0.0738752 0.499275 0.167337 0.139695 0.0766363 0.0297723 0.00657016 0.00370098 0.0017735 0.00136431 
282 0.200108 0.350556 0.362429 0.0312061 0.0364045 0.0145082 0.00355692 0.00103429 6.11911e-05 0.00013553 
283 0.14864 0.534316 0.237685 0.0442185 0.0322355 0.00126231 0.00137124 9.48388e-05 8.86066e-05 8.78897e-05 
284 0.0504107 0.562696 0.196857 0.120444 0.036899 0.0162754 0.00800079 0.00455506 0.00218276 0.00167915 
285 0.128236 0.549946 0.233252 0.0773914 0.00860955 0.00111459 0.00121078 8.37407e-05 7.82378e-05 7.76048e-05 
286 0.124688 0.326762 0.230021 0.288301 0.0250326 0.00369911 0.0010317 0.000464336 0 0 
287 0.0788734 0.462358 0.323355 0.105645 0.020929 0.00578338 0.00112499 0.00117666 0.000396818 0.000357446 
288 0.217499 0.220589 0.432987 0.120003 0.00638165 0.00180845 0.000504387 0.000227009 0 0 
289 0.307367 0.369853 0.23946 0.0367574 0.0288695 0.000897136 0.0166187 6.19813e-05 5.79083e-05 5.74397e-05 
290 0.0565231 0.533706 0.135972 0.116628 0.153028 0.0035693 9.72632e-05 0.000312107 0 0.000163364 
291 0.117065 0.388127 0.26985 0.206916 0.0129057 0.00365755 0.00102011 0.000459119 0 0 
292 0.115198 0.538482 0.277431 0.0546452 0.0105351 0.00161187 0.00175097 0.000121102 0.000113144 0.000112228 
293 0.22845 0.201051 0.502471 0.0244361 0.0284905 0.0113543 0.00278368 0.000809446 4.78886e-05 0.000106067 
294 0.0231022 0.772247 0.0803697 0.0792372 0.0225399 0.0179702 0.00223108 0.0012569 0.000594501 0.000451149 
295 0.142716 0.393178 0.249369 0.191796 0.016411 0.00465031 0.001297 0.000583737 0 0 
296 0.0496469 0.554181 0.209016 0.118619 0.0363399 0.0160288 0.00787957 0.00448604 0.00214969 0.00165371 
297 0.115198 0.547545 0.268368 0.0546452 0.0105351 0.00161187 0.00175097 0.000121102 0.000113144 0.000112228 
298 0.0905197 0.512138 0.371548 0.0207072 0.00376252 0.000575669 0.000625347 4.32507e-05 4.04085e-05 4.00816e-05 
299 0.0553003 0.464179 0.387598 0.0333617 0.0389276 0.0155137 0.00380344 0.00110598 6.5432e-05 0.000144924 
300 0.210246 0.611132 0.147787 0.0205902 0.00896103 0.000557297 0.000605389 4.18703e-05 3.91189e-05 3.88024e-05 
301 0.129908 0.426565 0.244186 0.176725 0.016177 0.00458481 0.00127873 0.000575515 0 0 
302 0.0232255 0.666526 0.115107 0.101356 0.0594346 0.01735 0.00511511 0.00905633 0 0.00282937 
303 0.122062 0.40902 0.251185 0.193029 0.0176703 0.00500802 0.00139676 0.000628639 0 0 
304 0.123091 0.247982 0.560386 0.0280857 0.0284098 0.00905715 0.00222051 0.000645685 3.82002e-05 8.46086e-05 
305 0.0717432 0.482328 0.259223 0.144573 0.0296226 0.00818571 0.00159229 0.00166543 0.000561649 0.000505924 
306 0.165062 0.445732 0.328291 0.0486933 0.00896728 0.00268669 9.64594e-05 0.000309527 0 0.000162014 
307 0.018505 0.580936 0.185411 0.0626037 0.034685 0.0449894 0.0599298 0.0112565 0.0016838 0 
308 0.0718288 0.487472 0.339272 0.0418482 0.0389461 0.0155137 0.00380344 0.00110598 6.5432e-05 0.000144924 
309 0.0760876 0.874424 0.0377572 0.00960985 0.00155673 0.000466413 1.67455e-05 5.37343e-05 0 2.81258e-05 
310 0.0948786 0.399614 0.425522 0.059265 0.00831002 0.00104772 0.00116245 0.0100544 7.35435e-05 7.29485e-05 
311 0.00489297 0.895411 0.0448425 0.0297228 0.0125746 0.0100268 0.00124488 0.000701315 0.000331715 0.000251728 
312 0.0924425 0.599883 0.240046 0.0438511 0.0207997 0.00129348 0.0014051 9.71805e-05 9.07944e-05 9.00598e-05 
313 0.0624251 0.715844 0.188703 0.0241639 0.00781136 0.000457529 0.000497001 3.43739e-05 3.21151e-05 3.18552e-05 
314 0.0974975 0.316334 0.202934 0.185179 0.0989829 0.0965986 0.00197011 0.000504464 0 0 
315 0.107357 0.419095 0.282295 0.169553 0.0155212 0.00439894 0.00122689 0.000552183 0 0 
316 0.113452 0.524099 0.294603 0.0538172 0.0103754 0.00158745 0.00172444 0.000119267 0.00011143 0.000110528 
317 0.0182246 0.589115 0.180772 0.0616551 0.0341595 0.0443078 0.0590218 0.011086 0.00165829 0 
318 0.0698729 0.404711 0.383216 0.0510535 0.059571 0.0237407 0.00582042 0.00169248 0.000100131 0.000221777 
319 0.121497 0.394201 0.251314 0.203036 0.0229193 0.00500802 0.00139676 0.000628639 0 0 
320 0.0900602 0.254494 0.321416 0.223991 0.0767834 0.0112752 0.0215836 0.000396365 0 0 
321 0.121497 0.394201 0.251725 0.207874 0.0176703 0.00500803 0.00139677 0.000628639 0 0 
322 0.121497 0.394201 0.260489 0.199109 0.0176703 0.00500803 0.00139677 0.000628639 0 0 
323 0.0496469 0.56932 0.193876 0.118619 0.0363399 0.0160288 0.00787957 0.00448604 0.00214969 0.00165371 
324 0.0706562 0.47502 0.25014 0.147667 0.0441961 0.00806169 0.00156817 0.0016402 0.00055314 0.000498258 
325 0.0678179 0.393248 0.400917 0.049552 0.0578189 0.0230425 0.00564923 0.0016427 9.71858e-05 0.000215254 
326 0.0785133 0.592605 0.239499 0.0320908 0.0374446 0.0149227 0.00365855 0.00106384 6.29394e-05 0.000139403 
327 0.121497 0.394201 0.251185 0.193029 0.0246018 0.0134611 0.00139677 0.000628639 0 0 
328 0.121497 0.394671 0.266099 0.193029 0.0176703 0.00500802 0.00139676 0.000628639 0 0 
329 0.0944245 0.528737 0.250394 0.104991 0.0182919 0.0016631 0.00125069 8.65013e-05 8.0817e-05 8.01631e-05 
330 0.0892648 0.517141 0.297142 0.0850038 0.00857774 0.00124728 0.00135492 9.37098e-05 8.75518e-05 8.68434e-05 
331 0.151716 0.407528 0.274173 0.147693 0.0135126 0.00382967 0.00106811 0.000480724 0 0 
332 0.0582182 0.427018 0.470586 0.0336422 0.00871294 0.00150507 5.40351e-05 0.000173393 0 9.07578e-05 
333 0.124751 0.455228 0.331933 0.0759052 0.00901026 0.00137857 0.00149754 0.000103574 9.67678e-05 9.59848e-05 
334 0.0717432 0.497672 0.253992 0.134459 0.0296226 0.00818571 0.00159229 0.00166543 0.000561649 0.000505924 
335 0.0709479 0.384565 0.4001 0.051839 0.0604874 0.024106 0.00590996 0.00171852 0.000101671 0.000225189 
336 0.111759 0.558376 0.263032 0.053014 0.0102206 0.00156376 0.0016987 0.000117487 0.000109766 0.000108878 
337 0.243481 0.166379 0.487974 0.0963668 0.00425506 0.00127486 4.57709e-05 0.000146874 0 7.68772e-05 
338 0.181988 0.216124 0.526134 0.0577367 0.0126675 0.00350047 0.000680914 0.000712191 0.000240179 0.000216349 
339 0.173127 0.598173 0.182787 0.0364927 0.00691109 0.00207064 7.43413e-05 0.000238553 0 0.000124864 
340 0.232527 0.240752 0.417854 0.0965158 0.00883513 0.00250401 0.000698383 0.00031432 0 0 
341 0.11516 0.437099 0.286123 0.14728 0.0102565 0.00290644 0.000810623 0.000364835 0 0 
342 0.0427826 0.287649 0.564261 0.0801819 0.0176648 0.00488139 0.000949532 0.000993147 0.000334929 0.000301698 
343 0.0984542 0.51868 0.225065 0.141074 0.0119643 0.00339085 0.000945726 0.000425641 0 0 
344 0.0649523 0.405318 0.397544 0.0474582 0.0553758 0.0220688 0.00541053 0.00157329 9.30793e-05 0.000206159 
345 0.0544747 0.526349 0.311301 0.0387303 0.0451918 0.0180102 0.00441549 0.00128395 7.59613e-05 0.000168245 
346 0.0869441 0.504295 0.319162 0.032307 0.0374446 0.0149227 0.00365855 0.00106384 6.29394e-05 0.000139403 
347 0.0142444 0.669122 0.152108 0.0478734 0.0265238 0.0344037 0.0458287 0.00860792 0.00128761 0 
348 0.0126642 0.826081 0.0880088 0.0436047 0.0148315 0.0118265 0.00146832 0.000827192 0.000391253 0.00029691 
349 0.116949 0.45336 0.218758 0.189805 0.0151129 0.00428318 0.0011946 0.000537652 0 0 
350 0.0649523 0.419201 0.381911 0.049208 0.0553758 0.0220688 0.00541053 0.00157329 9.30793e-05 0.000206159 
351 0.0504107 0.562684 0.19687 0.120444 0.036899 0.0162754 0.00800079 0.00455506 0.00218276 0.00167915 
352 0.084176 0.401863 0.234416 0.0656354 0.210901 0.00147715 0.0012788 8.84452e-05 8.26332e-05 8.19646e-05 
353 0.0675842 0.49804 0.253507 0.141178 0.0279053 0.00771118 0.00149999 0.00156889 0.00052909 0.000476595 
354 0.116372 0.676927 0.169682 0.024007 0.0112864 0.000805042 0.000769008 5.31866e-05 4.96916e-05 4.92895e-05 
355 0.124321 0.458712 0.227559 0.160655 0.0230386 0.00406904 0.00113487 0.000510769 0 0 
356 0.245856 0.355741 0.360756 0.0298659 0.00575445 0.000880434 0.000956414 6.61481e-05 6.18013e-05 6.13012e-05 
357 0.120647 0.390493 0.372877 0.0545984 0.0401193 0.0159886 0.00391987 0.00113983 6.7435e-05 0.00014936 
358 0.179556 0.320044 0.399294 0.0896362 0.00820405 0.00232515 0.000648498 0.000291868 0 0 
359 0.0936896 0.569532 0.210906 0.0877367 0.0166935 0.0203692 0.000195779 0.000576197 0 0.000301595 
360 0.0692044 0.475797 0.373388 0.0648055 0.01233 0.0036942 0.000132632 0.0004256 0 0.000222769 
361 0.0951793 0.53521 0.319214 0.0399933 0.00769415 0.00117721 0.0012788 8.84452e-05 8.26332e-05 8.19646e-05 
362 0.106098 0.550952 0.274473 0.0459574 0.0195064 0.00130965 0.00142267 9.83953e-05 9.19294e-05 9.11856e-05 
363 0.0613593 0.51913 0.242363 0.134426 0.0320219 0.00700094 0.00136183 0.00142438 0.000480358 0.000432698 
364 0.0271954 0.652878 0.147277 0.0502375 0.0278337 0.0361026 0.0480918 0.009033 0.0013512 0 
365 0.0196083 0.718494 0.0971688 0.0809507 0.0548552 0.0145723 0.00431795 0.00764495 0 0.00238843 
366 0.0627241 0.3587 0.142536 0.422865 0.00968956 0.0028769 0.000103288 0.000331441 0 0.000173484 
367 0.0600353 0.580529 0.302438 0.0481682 0.00648539 0.00193506 6.94737e-05 0.000222933 0 0.000116689 
368 0.0103867 0.762566 0.0953888 0.0783038 0.0266968 0.0212877 0.00264297 0.00148895 0.000704256 0.000534438 
369 0.15417 0.468501 0.305314 0.0605844 0.00845407 0.00129348 0.0014051 9.71805e-05 9.07945e-05 9.00598e-05 
370 0.0688301 0.385915 0.405168 0.0503014 0.0586818 0.0233864 0.00573355 0.00166722 9.86363e-05 0.000218467 
371 0.105855 0.63097 0.207806 0.0414648 0.0114686 0.0010583 0.00114963 7.95114e-05 7.42864e-05 7.36853e-05 
372 0.0869975 0.530298 0.225003 0.128461 0.0236139 0.00464414 0.000166737 0.00053504 0 0.000280053 
373 0.101505 0.401449 0.370219 0.0455344 0.0531309 0.0211742 0.00519119 0.00150951 8.93059e-05 0.000197801 
374 0.0797962 0.361015 0.18932 0.347557 0.0186429 0.0030328 0.00010807 0.000346785 0 0.000181516 
375 0.197677 0.59872 0.0587145 0.138781 0.00563281 0.000172898 0.00030074 0 0 0 
376 0.0103867 0.777944 0.0952105 0.0631039 0.0266968 0.0212877 0.00264297 0.00148895 0.000704256 0.000534438 
377 0.0895562 0.588786 0.216044 0.0838659 0.0159565 0.00478073 0.000171641 0.000550777 0 0.00028829 
378 0.290432 0.59588 0.108217 0.00537766 9.39791e-05 0 0 0 0 0 
379 0.0992893 0.505524 0.228354 0.149041 0.0150148 0.00121019 0.0013082 9.04784e-05 8.45328e-05 8.38488e-05 
380 0.0601383 0.515242 0.188452 0.145499 0.056943 0.0186956 0.00732467 0.00417012 0.00199831 0.00153725 
381 0.0775364 0.47492 0.248217 0.148618 0.0385712 0.00794136 0.00154476 0.00161572 0.000544884 0.000490821 
382 0.199605 0.595286 0.1347 0.0559106 0.0106377 0.00318716 0.000114427 0.000367184 0 0.000192193 
383 0.0696016 0.512706 0.246372 0.130445 0.0287383 0.00794136 0.00154476 0.00161572 0.000544884 0.000490821 
384 0.0936896 0.584902 0.210921 0.0877367 0.0166929 0.00500138 0.000179563 0.000576197 0 0.000301595 
385 0.0336648 0.389626 0.0900482 0.144197 0.0258892 0.0622939 0.250429 0.000373225 0 0.00347905 
386 0.181165 0.645898 0.142056 0.0244961 0.00472262 0.000722563 0.000784919 5.42871e-05 5.07197e-05 5.03093e-05 
387 0.113762 0.294719 0.206259 0.218931 0.161074 0.00374163 0.00104356 0.000469673 0 0 
388 0.0611316 0.652886 0.224628 0.0220365 0.0256973 0.0102411 0.00251077 0.000730088 4.31937e-05 9.56685e-05 
389 0.139036 0.776531 0.0341989 0.0478766 0.00217405 6.67327e-05 0.000116075 0 0 0 
390 0.111759 0.531701 0.289707 0.053014 0.0102206 0.00156376 0.0016987 0.000117487 0.000109766 0.000108878 
391 0 0.545514 0.382447 0.0188165 1.43104e-05 0.0268395 0.0263687 0 0 0 
392 0.0905497 0.42864 0.43452 0.0325321 0.0120348 0.000748969 0.000812951 5.62259e-05 5.25311e-05 5.2106e-05 
393 0.0171832 0.526904 0.173607 0.0720882 0.0454952 0.0638919 0.088787 0.0104807 0.00156353 0 
394 0.0389628 0.841038 0.0642798 0.0493972 0.00452192 0.00128158 0.00035744 0.000160872 0 0 
395 0.0609682 0.880403 0.0237104 0.03328 0.00151123 4.63873e-05 8.06863e-05 0 0 0 
396 0.0389345 0.871222 0.0714913 0.0145571 0.00280647 0.000429392 0.000466448 3.22608e-05 3.01408e-05 2.98969e-05 
397 0.0197078 0.106221 0.735673 0.0186729 0.110819 0.0066961 0.00164166 0.000477366 2.8242e-05 6.25525e-05 
398 0.104034 0.535937 0.283948 0.0628361 0.009896 0.00145516 0.00158074 0.000109328 0.000102144 0.000101317 
399 0.0530071 0.290792 0.472869 0.10014 0.0592375 0.0180112 0.00441549 0.00128395 7.59613e-05 0.000168245 
400 0.0455096 0.535684 0.233313 0.122668 0.0333116 0.0146931 0.00722294 0.0041122 0.00197055 0.0015159 
401 0.0590292 0.40951 0.211501 0.285293 0.024373 0.00673508 0.00131011 0.00137029 0.000462117 0.000416266 
402 0.115198 0.546619 0.269294 0.0546452 0.0105351 0.00161187 0.00175097 0.000121102 0.000113144 0.000112228 
403 0.0481867 0.58199 0.188171 0.11513 0.0352711 0.0155574 0.00764782 0.0043541 0.00208647 0.00160507 
